% PARA TESTES: K-tipos de objetos
%
% W = 20;
% L = 20;
% w=[5;  5;  7; 10; 12];
% l=[7; 10; 12;  8; 10];
% d=[10;10;10;10;10];
% 
% W = 15; 
% L= 15;
% w = [2;3;4;5]
% l = [2;3;4;5]
% d = [5;4;3;2]
%
W = 10;
L = 10;
w=[2;3;4;5;7];
l=[2;2;3;4;6];
d=[10;10;10;10;10];
