%gcut8d

format long

L=500; W=500;

A=[277 242 83 0 0
233 177 51 0 0
182 216 30 0 0
147 134 19 0 0
213 127 29 0 0
315 212 97 0 0
261 175 24 0 0
210 281 85 0 0
243 256 36 0 0
159 314 74 0 0
217 147 87 0 0
260 349 18 0 0
222 199 47 0 0
296 127 69 0 0
263 302 23 0 0
226 250 13 0 0
264 344 54 0 0
237 179 62 0 0
245 137 42 0 0
137 328 40 0 0
321 154 45 0 0
200 174 46 0 0
270 128 11 0 0
299 179 13 0 0
165 370 72 0 0
198 182  3 0 0
155 295 12 0 0
278 219 85 0 0
184 155 53 0 0
187 270 32 0 0
208 293 44 0 0
261 204  8 0 0
344 168 37 0 0
213 135 19 0 0
362 162 10 0 0
362 374 84 0 0
237 322 64 0 0
281 308 58 0 0
155 344 68 0 0
210 163 51 0 0
325 225 72 0 0
360 225 71 0 0
346 347 92 0 0
131 144 82 0 0
284 284 70 0 0
262 228 10 0 0
146 178 40 0 0
254 164 10 0 0
332 238 42 0 0
313 304 76 0 0];

l=A(:,1);

w=A(:,2);

b=A(:,3);

% e = -10^(-6);
% p = (max(l)*max(w)*100)/ (L*W)
% 
% diary on
% [AT, B, k, xb, x, FO, sr, E, arp] = GeracaoDeColunas(L,W,l,w, b, e,1);
% 
% %desenhaOti(AT,B,L,W,l,w,s,arp);
% diary off