%gcut4d

W = [200; 250; 225];
L = [300; 250; 275];


A=[139 103 77 0  0
166  99 75 0 0
 88  74 16 0 0
174 139 17 0 0
128 109 64 0 0
175 179 78 0 0
 62  82 35 0 0
178  87 15 0 0
121  77 53 0 0
125  97 27 0 0
 73  84 79 0 0
 69  97 76 0 0
122 159 60 0 0
 66  69  7 0 0
111 118 23 0 0
165  86 87 0 0
 71  83 19 0 0
163 162 62 0 0
 67 132 35 0 0
121 152 68 0 0
 68 150 61 0 0
138 124 81 0 0
141 105 36 0 0
183 122 83 0 0
171  63 75 0 0
101  64 53 0 0
103  95  8 0 0
110 107 78 0 0
184 158 84 0 0
 85  97 27 0 0
 86  92 96 0 0
127 155  8 0 0
 92 147 41 0 0
106  97 27 0 0
177 108 31 0 0
164 150 48 0 0
 68  84 11 0 0
 62 151 79 0 0
123 134 90 0 0
158 178 63 0 0
 70 140 56 0 0
173 117 40 0 0
147 136 78 0 0
141 145 86 0 0
 84 164 67 0 0
144 141 75 0 0
 92 103 94 0 0
156  98 50 0 0
160 111 93 0 0
127 131 59 0 0];

l=A(:,1);

w=A(:,2);

d=A(:,3);
