%gcut11d

W = [ 800; 1000;  900];
L = [1200; 1000; 1100];


A=[541 745 44 0 0
344 301 32 0 0
413 294 99 0 0
266 341  9 0 0
543 388 38 0 0
367 701 33 0 0
526 707 28 0 0
286 706  9 0 0
614 289 76 0 0
348 592 10 0 0
673 431 40 0 0
475 362 96 0 0
562 439 81 0 0
530 638  5 0 0
609 375 69 0 0
540 274 29 0 0
486 634 89 0 0
272 377 80 0 0
623 306 24 0 0
266 714 94 0 0
341 336 47 0 0
340 296 90 0 0
531 479 38 0 0
571 589 60 0 0
674 496 22 0 0
560 497  1 0 0
509 389 27 0 0
650 332  7 0 0
474 285  5 0 0
419 503 16 0 0];

l=A(:,1);

w=A(:,2);

d=A(:,3);
