%gcut6d

W = [400; 500; 450];
L = [600; 500; 550];

A=[313 305 64 0 0
292 222 66 0 0
330 253 78 0 0
212 256 60 0 0
132 189  6 0 0
149 296 46 0 0
294 137 51 0 0
225 345 16 0 0
345 220 27 0 0
337 177 74 0 0
189 300 82 0 0
234 321  9 0 0
335 272 43 0 0
354 244 23 0 0
149 169 73 0 0
355 165 72 0 0
260 220 93 0 0
210 241 40 0 0
194 372 80 0 0
287 134 61 0 0];

l=A(:,1);

w=A(:,2);

d=A(:,3);

