%gcut1d

W = [200; 250; 225];
L = [300; 250; 275];

A=[167 184 90 0 0 
114 118 75 0 0
167 152 71 0 0
 83 140 13 0 0
 70  86 39 0 0
143 166 79 0 0
120 160 63 0 0
 66 148 93 0 0
 87 141 61 0 0
 69 165 85 0 0];

l=A(:,1);

w=A(:,2);

d=A(:,3);