%gcut7d

W = [400; 500; 450];
L = [600; 500; 550];

A=[348 220 37 0 0
255 184 61 0 0
191 249 62 0 0
212 194 47 0 0
348 322 80 0 0
171 369 30 0 0
206 327 42 0 0
221 277  6 0 0
250 202 97 0 0
205 226 74 0 0
193 280 50 0 0
364 311 45 0 0
264 224 78 0 0
244 347 72 0 0
270 338 89 0 0
224 236 19 0 0
168 177 47 0 0
285 347 80 0 0
315 294 34 0 0
247 219 87 0 0
315 302 46 0 0
129 147 52 0 0
268 273 89 0 0
350 352 23 0 0
186 258 86 0 0
365 374 20 0 0
145 259 42 0 0
284 184 58 0 0
129 198 43 0 0
146 351 30 0 0];

l=A(:,1);

w=A(:,2);

d=A(:,3);


% (d')*(l.*w)
